RpcBlockHeaderLondon:
parent_hash: "0x9b83c12c69edb74f6c8dd5d052765c1adf940e320bd1291696e6fa07829eee71",
sha3_uncles: "0x1dcc4de8dec75d7aab85b567b6ccd41ad312451b948a7413f0a142fd40d49347", 
miner: "0x829bd824b016326a401d083b33d092293333a830", 
state_root: "0x0180d59eb0855ef6dbca806fbe81491bea252ab2e0d3a8bb8786326d598e3cd9", 
transactions_root: "0x03c97f958cc4db3cc60def5ce1e83aaf1490837f5f57c529a6ccffef0d201edb", 
receipts_root: "0x2335850563dbf51f65a37508f2fdd9da1780f70cfa46734107a2e86a9fde46d7", 
logs_bloom: "0x74adf8cfdd0a1ddf12f3d6d5bbd79cab73a19b6986fc007932d9acffafebb747debf512456c87e9afffa5f40fd21ad403b97f3b38e86e9e9db62433eb2b6f8547ad677fdab07f1adcb83686fb37db9ea7acb113f0d74b397324d9cfbf8f33cb3dbfb0d256bcbdaf608dd7b1ac168ee40e322b69bf675a6f4fbbbbe72dccbdd88fab28e7d94685c34bffc9bd1ff98ef777af7ff9793de951d336a1b75acbc7f11ce9dac7e9942ab6a363b4fbebbc3d738dbee5a993fa7c87adce26cbeddfdfcf4d59bba977fb7514a3da550c0b21f399e8bf56778c7dfdcfeeb2457abef1fe63eaf38ecbabdae6c237afd34378163feb6ccdb42f56782cd474bdf9ee9fadb94b4", 
difficulty: "0x1b81c23e05b218", 
number: "0xc5d489", 
gas_limit: "0x1c9c2b6", 
gas_used: "0x1c98978", 
timestamp: "0x610bdab3", 
extra_data: "0xe4b883e5bda9e7a59ee4bb99e9b1bc030521", 
mix_hash: "0xcb3166ebb1888430069b769145b20ba5e3a55f32fd2fa39f0ebdc08d60b4557e", 
nonce: "0x0956e895d988798e", 
base_fee_per_gas: "0x430da58e"


BlockHeaderLondon:
parent_hash: 0x9b83c12c69edb74f6c8dd5d052765c1adf940e320bd1291696e6fa07829eee71, 
ommers_hash: 0x1dcc4de8dec75d7aab85b567b6ccd41ad312451b948a7413f0a142fd40d49347, 
beneficiary: 0x829bd824b016326a401d083b33d092293333a830, 
state_root: 0x0180d59eb0855ef6dbca806fbe81491bea252ab2e0d3a8bb8786326d598e3cd9, 
transactions_root: 0x03c97f958cc4db3cc60def5ce1e83aaf1490837f5f57c529a6ccffef0d201edb, 
receipts_root: 0x2335850563dbf51f65a37508f2fdd9da1780f70cfa46734107a2e86a9fde46d7, 
logs_bloom: [116, 173, 248, 207, 221, 10, 29, 223, 18, 243, 214, 213, 187, 215, 156, 171, 115, 161, 155, 105, 134, 252, 0, 121, 50, 217, 172, 255, 175, 235, 183, 71, 222, 191, 81, 36, 86, 200, 126, 154, 255, 250, 95, 64, 253, 33, 173, 64, 59, 151, 243, 179, 142, 134, 233, 233, 219, 98, 67, 62, 178, 182, 248, 84, 122, 214, 119, 253, 171, 7, 241, 173, 203, 131, 104, 111, 179, 125, 185, 234, 122, 203, 17, 63, 13, 116, 179, 151, 50, 77, 156, 251, 248, 243, 60, 179, 219, 251, 13, 37, 107, 203, 218, 246, 8, 221, 123, 26, 193, 104, 238, 64, 227, 34, 182, 155, 246, 117, 166, 244, 251, 187, 190, 114, 220, 203, 221, 136, 250, 178, 142, 125, 148, 104, 92, 52, 191, 252, 155, 209, 255, 152, 239, 119, 122, 247, 255, 151, 147, 222, 149, 29, 51, 106, 27, 117, 172, 188, 127, 17, 206, 157, 172, 126, 153, 66, 171, 106, 54, 59, 79, 190, 187, 195, 215, 56, 219, 238, 90, 153, 63, 167, 200, 122, 220, 226, 108, 190, 221, 253, 252, 244, 213, 155, 186, 151, 127, 183, 81, 74, 61, 165, 80, 192, 178, 31, 57, 158, 139, 245, 103, 120, 199, 223, 220, 254, 235, 36, 87, 171, 239, 31, 230, 62, 175, 56, 236, 186, 189, 174, 108, 35, 122, 253, 52, 55, 129, 99, 254, 182, 204, 219, 66, 245, 103, 130, 205, 71, 75, 223, 158, 233, 250, 219, 148, 180], 
difficulty: 7742495635386904, 
number: 12965001, 
gas_limit: 29999798, 
gas_used: 29985144, 
timestamp: 1628166835, 
extra_data: [228, 184, 131, 229, 189, 169, 231, 165, 158, 228, 187, 153, 233, 177, 188, 3, 5, 33], 
mix_hash: 0xcb3166ebb1888430069b769145b20ba5e3a55f32fd2fa39f0ebdc08d60b4557e, 
nonce: [9, 86, 232, 149, 217, 136, 121, 142], 
base_fee_per_gas: 1124967822 

